7.99 1.13 0.64 1.64 0.32 7.25 0.73 0.70 1.29 1.05 0.56 0.54 0.88 0.37 0.63 0.43 0.62 1.03 1.04 0.59
1.22 1.15 1.14 0.86 1.02 1.24 1.13 1.11 1.45 1.24 0.80 1.27 1.05 0.97 1.21 0.96 0.93 0.84 9.94 1.02
1.22 0.30 2.52 2.17 0.21 2.15 2.20 2.33 0.00 4.09 1.64 4.10 10.00 0.00 1.00 0.00 0.00 0.77 0.74 9.69
0.28 0.94 1.19 1.03 6.01 4.70 2.14 0.47 0.72 0.82 0.41 0.61 1.01 0.75 5.98 0.83 0.81 0.36 1.16 1.14
0.94 1.14 1.15 0.91 1.10 1.03 1.00 0.96 0.98 0.92 9.79 0.87 0.94 0.99 0.67 1.13 1.14 1.10 1.00 1.30
1.02 1.06 1.03 0.95 0.93 1.02 1.00 0.91 1.07 0.96 1.17 9.96 0.89 0.76 0.92 0.76 1.17 1.14 0.97 1.01
0.70 0.94 0.93 0.86 1.06 1.06 1.24 1.08 1.37 0.87 1.18 1.07 1.00 1.05 1.05 9.92 1.25 0.99 1.18 1.05
1.01 0.97 9.78 0.99 1.15 0.91 0.98 0.91 0.92 1.11 1.06 1.12 1.25 1.03 1.14 1.07 1.12 1.15 1.20 1.11
0.51 0.47 1.31 0.71 0.68 4.81 0.83 2.95 1.05 1.19 0.90 1.00 0.95 5.38 0.91 0.95 1.26 0.74 1.03 1.25
0.05 0.72 1.60 0.16 1.48 0.53 8.70 1.73 9.71 1.80 0.97 0.53 1.06 1.44 1.87 1.59 0.97 1.69 0.30 1.92
0.91 1.22 0.91 2.31 1.25 0.67 0.96 8.73 0.70 1.11 0.88 1.17 1.13 0.50 0.77 1.16 0.74 1.23 0.89 1.08
0.85 1.68 1.72 2.17 0.24 0.36 0.68 0.25 1.54 0.72 1.21 0.85 1.25 0.76 8.44 0.90 1.04 8.87 0.13 1.18
0.93 8.43 1.15 1.38 0.43 1.35 1.40 0.56 1.34 1.07 0.57 0.96 0.84 8.56 1.10 1.64 0.43 1.38 0.58 1.01
1.84 0.70 0.91 9.52 1.08 1.34 0.85 0.69 1.49 0.99 0.81 1.22 1.05 0.93 1.03 0.99 1.10 1.17 0.90 1.02
0.00 0.65 0.89 0.00 0.00 0.92 2.11 0.26 0.00 9.11 1.61 0.77 2.55 1.41 0.81 0.49 9.57 0.66 0.59 2.06
